1778
6525
 0 3
 1 2
 2 4
 3 15
 3 63
 5 7
 5 8
 6 31
 6 45
 6 57
 7 8
 9 17
 12 1535
 13 118
 14 15
 14 121
 14 483
 14 685
 14 1251
 14 1364
 14 1545
 14 1642
 14 1714
 15 63
 15 124
 15 486
 15 969
 15 1129
 15 1550
 15 1645
 15 1717
 16 60
 16 1729
 18 1386
 19 20
 20 247
 20 439
 20 1142
 21 22
 21 23
 21 25
 22 23
 22 25
 23 25
 26 512
 26 1402
 27 28
 28 55
 29 48
 29 596
 29 1150
 29 1408
 30 1062
 31 45
 31 57
 34 54
 35 807
 36 37
 38 1067
 43 1620
 45 57
 45 622
 46 47
 48 405
 51 52
 52 1467
 53 189
 53 727
 53 1196
 53 1292
 56 1080
 59 60
 59 1488
 61 62
 65 66
 65 68
 65 71
 65 73
 65 78
 65 83
 65 86
 65 90
 67 74
 67 80
 67 84
 67 88
 67 103
 67 145
 67 182
 67 637
 67 752
 67 815
 67 921
 67 1085
 67 1212
 67 1297
 67 1493
 67 1655
 68 71
 68 73
 68 78
 68 83
 68 86
 68 90
 68 121
 68 146
 68 454
 68 753
 68 922
 68 1622
 68 1656
 69 70
 69 75
 69 95
 69 149
 69 455
 69 638
 69 754
 69 925
 69 1018
 69 1089
 69 1217
 69 1303
 69 1496
 69 1659
 70 92
 70 558
 70 1660
 71 73
 71 78
 71 83
 71 86
 71 90
 71 123
 71 205
 71 458
 71 755
 71 821
 71 928
 71 1219
 71 1304
 71 1497
 71 1661
 72 73
 72 74
 72 75
 72 76
 72 77
 72 82
 72 93
 72 94
 72 150
 73 74
 73 75
 73 76
 73 78
 73 83
 73 86
 73 90
 73 124
 73 151
 73 322
 73 560
 73 640
 73 782
 73 929
 73 1092
 73 1305
 73 1499
 73 1624
 73 1662
 74 75
 74 76
 74 80
 74 84
 74 88
 74 125
 74 185
 74 1500
 74 1663
 75 76
 75 95
 75 109
 75 126
 75 186
 75 207
 75 459
 75 561
 75 642
 75 930
 75 1093
 75 1501
 75 1664
 76 208
 76 1094
 77 78
 77 79
 77 80
 77 82
 77 93
 77 94
 77 111
 77 127
 77 156
 77 645
 77 825
 77 1308
 77 1665
 78 79
 78 80
 78 83
 78 86
 78 90
 78 157
 78 211
 78 826
 78 933
 78 1095
 78 1309
 78 1626
 78 1666
 79 80
 79 128
 79 158
 79 326
 79 461
 79 563
 79 646
 79 1096
 79 1221
 79 1310
 79 1504
 79 1751
 80 84
 80 88
 80 188
 80 327
 80 647
 80 827
 80 1222
 80 1311
 80 1506
 80 1752
 81 82
 81 83
 81 84
 81 85
 81 565
 82 83
 82 84
 82 85
 82 93
 82 94
 82 129
 82 215
 82 648
 82 828
 82 1668
 82 1753
 83 84
 83 85
 83 86
 83 90
 83 165
 83 216
 83 328
 83 462
 83 649
 83 935
 83 1099
 83 1226
 83 1669
 84 85
 84 88
 84 329
 84 650
 84 829
 84 936
 84 1100
 85 166
 85 193
 85 330
 85 429
 85 1671
 85 1754
 86 87
 86 88
 86 89
 86 90
 86 219
 86 430
 86 830
 86 1628
 87 88
 87 89
 87 91
 87 196
 87 220
 87 332
 87 566
 87 654
 87 831
 87 938
 87 1228
 87 1314
 87 1675
 88 89
 88 221
 88 939
 88 1511
 89 167
 89 197
 89 832
 89 940
 89 1102
 90 91
 90 92
 90 130
 90 202
 90 334
 90 466
 90 568
 90 657
 90 834
 90 942
 90 1104
 90 1231
 90 1512
 91 92
 91 116
 91 168
 91 658
 91 835
 91 943
 91 1053
 91 1105
 92 131
 92 200
 92 1678
 93 94
 93 836
 94 95
 95 170
 95 1755
 96 97
 96 98
 96 99
 96 100
 96 101
 96 102
 96 111
 96 172
 96 338
 96 664
 96 841
 96 946
 96 1234
 97 98
 97 99
 97 100
 97 101
 97 102
 97 103
 97 843
 97 1108
 97 1682
 98 99
 98 100
 98 101
 98 102
 98 1236
 98 1324
 98 1516
 99 100
 99 101
 99 102
 99 105
 99 175
 99 341
 99 757
 99 844
 99 948
 99 1684
 100 101
 100 102
 100 107
 100 143
 100 342
 100 470
 100 573
 100 667
 100 1025
 100 1110
 100 1238
 100 1325
 100 1517
 100 1685
 100 1758
 101 102
 101 108
 101 110
 101 112
 101 114
 101 133
 101 144
 101 471
 101 668
 101 949
 101 1026
 101 1111
 101 1326
 101 1518
 103 145
 103 182
 103 344
 103 669
 103 1027
 103 1112
 103 1239
 104 105
 104 106
 104 107
 104 108
 104 1241
 105 106
 105 107
 105 108
 105 122
 105 786
 105 1331
 105 1521
 106 107
 106 108
 106 347
 106 758
 106 787
 106 1116
 106 1332
 106 1688
 107 108
 107 348
 107 847
 107 1117
 107 1631
 108 110
 108 112
 108 114
 108 474
 108 951
 108 1522
 109 110
 109 126
 109 186
 109 226
 109 352
 109 475
 109 675
 109 1334
 109 1523
 109 1691
 109 1759
 110 112
 110 114
 110 153
 110 476
 110 953
 110 1118
 110 1692
 111 112
 111 127
 111 156
 111 477
 111 849
 111 955
 111 1119
 111 1245
 111 1336
 111 1524
 111 1634
 112 114
 112 189
 112 227
 112 354
 112 576
 112 851
 112 1120
 112 1246
 112 1337
 112 1525
 112 1635
 112 1693
 113 191
 114 198
 114 479
 114 761
 114 853
 114 1030
 114 1123
 114 1247
 114 1528
 114 1638
 114 1697
 114 1772
 115 116
 115 1773
 116 168
 117 854
 118 190
 121 123
 121 124
 121 130
 121 146
 121 483
 121 685
 121 1251
 121 1364
 121 1545
 121 1642
 121 1714
 122 860
 122 964
 123 124
 123 130
 123 687
 123 864
 123 966
 123 1128
 124 125
 124 126
 124 130
 124 151
 124 486
 124 969
 124 1129
 124 1550
 124 1645
 124 1717
 125 126
 125 185
 125 970
 125 1368
 126 186
 126 365
 126 487
 126 582
 126 688
 126 795
 126 971
 126 1130
 126 1253
 126 1369
 126 1551
 126 1718
 127 128
 127 129
 127 156
 127 489
 127 690
 127 797
 127 973
 127 1721
 128 158
 128 368
 128 798
 128 1133
 128 1256
 128 1374
 128 1723
 128 1775
 129 584
 130 131
 130 202
 130 243
 130 802
 130 981
 130 1262
 130 1378
 131 200
 131 982
 132 133
 132 137
 132 1389
 133 139
 133 144
 133 501
 133 1143
 133 1393
 134 135
 134 177
 134 505
 134 1395
 135 140
 135 178
 135 507
 135 1396
 136 251
 136 509
 136 1399
 137 138
 137 139
 137 140
 137 592
 137 1401
 138 139
 138 140
 138 511
 139 140
 139 164
 139 254
 139 1148
 139 1405
 140 181
 140 515
 140 594
 140 1406
 141 142
 141 257
 141 517
 141 595
 142 1409
 143 144
 143 163
 143 695
 143 1265
 143 1423
 144 153
 144 164
 144 169
 144 259
 144 602
 144 984
 145 160
 145 182
 145 262
 145 377
 145 697
 145 766
 145 884
 145 985
 145 1267
 145 1424
 146 147
 146 151
 146 157
 146 165
 146 265
 146 986
 146 1039
 146 1268
 147 148
 147 159
 147 171
 148 159
 148 171
 148 522
 149 170
 149 267
 149 523
 149 1269
 149 1428
 149 1561
 150 151
 150 152
 150 153
 150 156
 150 271
 150 524
 150 606
 150 698
 150 987
 150 1429
 150 1562
 150 1736
 151 152
 151 153
 151 157
 151 165
 151 380
 151 699
 151 988
 151 1156
 151 1270
 151 1430
 152 153
 152 1040
 152 1158
 152 1431
 153 164
 153 169
 153 272
 153 382
 153 700
 153 770
 153 989
 153 1653
 154 274
 154 1564
 154 1738
 155 156
 155 157
 155 158
 155 159
 156 157
 156 158
 156 159
 156 526
 156 1160
 156 1765
 157 158
 157 159
 157 165
 157 276
 157 384
 157 608
 157 703
 157 890
 157 1041
 157 1566
 157 1776
 158 159
 158 609
 158 704
 158 891
 158 1161
 158 1434
 158 1567
 159 171
 159 278
 159 1163
 159 1569
 160 161
 160 162
 160 163
 160 164
 160 279
 160 708
 160 892
 160 1042
 160 1275
 160 1570
 161 162
 161 163
 161 164
 161 385
 161 893
 161 1276
 161 1777
 162 163
 162 164
 162 166
 162 281
 162 894
 162 992
 162 1043
 162 1435
 163 164
 163 386
 163 993
 163 1167
 164 169
 164 283
 164 530
 164 710
 164 896
 164 994
 164 1277
 164 1436
 164 1572
 165 166
 165 287
 165 532
 165 612
 165 899
 165 995
 165 1169
 165 1439
 165 1573
 165 1743
 165 1766
 166 193
 166 289
 166 712
 166 996
 166 1575
 166 1746
 167 197
 167 771
 167 901
 167 998
 167 1579
 168 1000
 169 615
 169 1177
 169 1282
 169 1582
 170 295
 170 538
 170 717
 170 772
 171 539
 172 173
 172 174
 172 175
 172 176
 172 177
 172 618
 173 174
 173 175
 173 176
 174 175
 174 176
 174 179
 174 298
 174 395
 174 1584
 175 176
 176 540
 176 619
 176 1179
 176 1587
 177 178
 178 181
 178 302
 178 399
 178 620
 179 180
 179 1182
 179 1590
 180 623
 180 1183
 180 1591
 181 305
 181 627
 181 1187
 182 185
 182 188
 182 407
 182 718
 182 905
 182 1003
 182 1188
 182 1473
 182 1601
 182 1768
 183 309
 183 411
 183 720
 183 1004
 183 1189
 183 1286
 183 1602
 184 185
 184 186
 185 186
 185 188
 185 722
 185 1477
 186 192
 186 310
 186 413
 186 546
 186 630
 186 723
 186 909
 186 1006
 186 1051
 186 1191
 187 194
 187 416
 187 724
 187 776
 187 911
 187 1194
 187 1289
 188 189
 188 419
 188 549
 188 632
 188 726
 188 777
 188 1195
 188 1479
 189 198
 189 200
 189 727
 189 1196
 189 1292
 190 195
 190 199
 191 192
 191 193
 191 194
 191 195
 192 193
 192 194
 192 195
 192 315
 192 550
 192 728
 192 1199
 193 194
 193 195
 193 1609
 194 195
 195 199
 195 551
 195 779
 196 197
 196 198
 196 199
 196 634
 196 730
 196 915
 196 1011
 196 1201
 196 1294
 197 198
 197 199
 197 553
 198 199
 198 200
 198 422
 198 635
 198 780
 198 916
 198 1013
 198 1076
 198 1296
 200 1015
 200 1202
 201 554
 203 204
 203 205
 203 209
 203 211
 203 213
 203 216
 203 219
 203 223
 203 1298
 204 205
 204 209
 204 211
 204 213
 204 216
 204 219
 204 223
 204 556
 204 1087
 204 1215
 204 1300
 204 1658
 205 209
 205 211
 205 213
 205 216
 205 219
 205 223
 205 269
 205 458
 205 755
 205 821
 205 928
 205 1219
 205 1304
 205 1497
 205 1661
 206 207
 206 208
 206 641
 207 208
 207 226
 207 310
 207 459
 207 561
 207 642
 207 930
 207 1093
 207 1501
 207 1664
 208 1094
 209 210
 209 211
 209 213
 209 216
 209 219
 209 223
 209 275
 209 323
 209 460
 209 562
 209 823
 209 1019
 209 1307
 209 1502
 210 217
 210 325
 210 824
 210 1220
 210 1503
 210 1625
 211 212
 211 213
 211 216
 211 219
 211 223
 211 276
 211 826
 211 933
 211 1095
 211 1309
 211 1626
 211 1666
 212 218
 212 222
 212 227
 212 1097
 212 1223
 212 1667
 213 214
 213 216
 213 219
 213 223
 213 284
 213 564
 213 1020
 213 1224
 213 1508
 215 216
 215 217
 215 218
 215 286
 215 313
 215 648
 215 828
 215 1668
 215 1753
 216 217
 216 218
 216 219
 216 223
 216 287
 216 314
 216 328
 216 462
 216 649
 216 935
 216 1099
 216 1226
 216 1669
 217 218
 217 652
 217 1672
 218 222
 218 316
 218 331
 218 653
 218 937
 218 1101
 218 1510
 218 1673
 219 220
 219 221
 219 222
 219 223
 219 430
 219 830
 219 1628
 220 221
 220 222
 220 290
 220 332
 220 566
 220 654
 220 831
 220 938
 220 1228
 220 1314
 220 1675
 221 222
 221 939
 221 1511
 222 291
 222 319
 222 431
 222 465
 222 656
 222 833
 222 941
 222 1103
 222 1629
 222 1677
 223 294
 223 433
 223 570
 223 660
 223 1022
 223 1106
 223 1232
 223 1315
 223 1679
 224 265
 225 226
 225 267
 225 1632
 226 310
 226 352
 226 475
 226 675
 226 1334
 226 1523
 226 1691
 226 1759
 227 354
 227 576
 227 851
 227 1120
 227 1246
 227 1337
 227 1525
 227 1635
 227 1693
 228 229
 228 230
 228 231
 228 236
 228 238
 228 248
 228 300
 229 230
 229 231
 229 320
 230 231
 230 237
 230 259
 230 1532
 230 1699
 231 233
 231 239
 231 249
 231 301
 231 1347
 231 1533
 232 233
 233 239
 233 302
 234 235
 234 236
 234 237
 235 236
 235 237
 235 268
 235 1351
 235 1538
 236 237
 236 238
 236 251
 236 1352
 236 1705
 237 1707
 238 239
 238 282
 238 304
 238 1357
 238 1711
 239 305
 239 1359
 240 241
 240 242
 240 256
 241 242
 241 1542
 243 244
 243 318
 243 802
 243 981
 243 1262
 243 1378
 244 1140
 245 246
 245 247
 245 248
 245 249
 245 250
 245 252
 245 588
 246 247
 246 248
 246 249
 246 250
 246 299
 246 499
 246 1391
 247 248
 247 249
 247 250
 247 439
 247 1142
 248 249
 248 250
 248 251
 248 300
 248 500
 248 1392
 249 250
 249 301
 249 502
 250 255
 250 1144
 250 1394
 251 509
 251 1399
 252 253
 252 254
 252 255
 252 1146
 253 254
 253 255
 253 513
 253 1403
 254 255
 254 283
 254 1148
 254 1405
 256 257
 256 516
 257 517
 257 595
 258 259
 258 260
 258 267
 258 280
 258 295
 258 519
 258 601
 259 260
 259 272
 259 283
 259 291
 259 602
 259 984
 261 262
 261 263
 261 264
 261 270
 261 273
 262 263
 262 279
 262 288
 262 377
 262 697
 262 766
 262 884
 262 985
 262 1267
 262 1424
 264 265
 264 270
 264 273
 264 1425
 265 269
 265 275
 265 276
 265 284
 265 287
 265 294
 265 986
 265 1039
 265 1268
 266 271
 266 286
 267 268
 267 280
 267 295
 267 523
 267 1269
 267 1428
 267 1561
 268 277
 268 281
 268 289
 268 768
 268 888
 269 275
 269 276
 269 284
 269 287
 269 294
 269 769
 269 1155
 269 1735
 269 1763
 270 271
 270 272
 270 273
 270 812
 271 272
 271 286
 271 524
 271 606
 271 698
 271 987
 271 1429
 271 1562
 271 1736
 272 283
 272 291
 272 311
 272 382
 272 700
 272 770
 272 989
 272 1653
 273 274
 273 275
 273 1432
 274 275
 274 1564
 274 1738
 275 276
 275 284
 275 287
 275 294
 275 383
 275 701
 275 1433
 275 1565
 276 277
 276 278
 276 284
 276 287
 276 294
 276 384
 276 608
 276 703
 276 890
 276 1041
 276 1566
 276 1776
 277 278
 277 281
 277 289
 278 285
 278 292
 278 296
 278 1163
 278 1569
 279 280
 279 281
 279 282
 279 283
 279 288
 279 708
 279 892
 279 1042
 279 1275
 279 1570
 280 281
 280 282
 280 283
 280 295
 280 529
 280 1165
 280 1571
 280 1741
 281 282
 281 283
 281 289
 281 894
 281 992
 281 1043
 281 1435
 282 283
 282 293
 282 304
 282 709
 282 895
 282 1166
 283 291
 283 530
 283 710
 283 896
 283 994
 283 1277
 283 1436
 283 1572
 284 285
 284 287
 284 294
 284 387
 284 711
 284 897
 284 1168
 284 1278
 285 292
 285 296
 286 287
 286 288
 286 289
 286 313
 286 531
 286 898
 286 1742
 287 288
 287 289
 287 294
 287 314
 287 532
 287 612
 287 899
 287 995
 287 1169
 287 1439
 287 1573
 287 1743
 287 1766
 288 289
 288 533
 288 1170
 288 1744
 289 712
 289 996
 289 1575
 289 1746
 290 291
 290 292
 290 614
 290 1173
 291 292
 291 319
 291 714
 291 902
 291 999
 291 1174
 292 296
 292 1175
 292 1280
 293 1442
 294 391
 294 716
 294 904
 294 1001
 294 1283
 294 1747
 295 538
 295 717
 295 772
 297 298
 297 299
 297 300
 297 301
 297 303
 297 394
 297 617
 298 299
 298 300
 298 301
 298 395
 298 1584
 299 300
 299 301
 299 396
 299 1178
 299 1585
 300 301
 300 304
 300 1586
 300 1748
 301 302
 301 305
 301 397
 302 305
 302 399
 302 620
 303 400
 304 305
 304 402
 304 1186
 305 627
 305 1187
 306 307
 308 314
 308 318
 308 1600
 309 411
 309 720
 309 1004
 309 1189
 309 1286
 309 1602
 310 311
 310 315
 310 413
 310 546
 310 630
 310 723
 310 909
 310 1006
 310 1051
 310 1191
 311 316
 312 313
 312 314
 312 315
 312 316
 313 314
 313 315
 313 316
 314 315
 314 316
 314 318
 314 778
 314 913
 314 1198
 314 1480
 315 316
 315 550
 315 728
 315 1199
 316 729
 318 781
 318 917
 318 1014
 322 323
 322 328
 322 334
 322 337
 322 380
 322 560
 322 640
 322 782
 322 929
 322 1092
 322 1305
 322 1499
 322 1624
 322 1662
 323 324
 323 325
 323 328
 323 334
 323 337
 323 366
 323 383
 323 460
 323 562
 323 823
 323 1019
 323 1307
 323 1502
 324 325
 324 330
 324 336
 325 416
 325 824
 325 1220
 325 1503
 325 1625
 326 327
 326 368
 326 418
 326 461
 326 563
 326 646
 326 1096
 326 1221
 326 1310
 326 1504
 326 1751
 327 329
 327 419
 327 647
 327 827
 327 1222
 327 1311
 327 1506
 327 1752
 328 329
 328 330
 328 331
 328 334
 328 337
 328 370
 328 462
 328 649
 328 935
 328 1099
 328 1226
 328 1669
 329 330
 329 331
 329 650
 329 829
 329 936
 329 1100
 330 331
 330 336
 330 429
 330 1671
 330 1754
 331 371
 331 653
 331 937
 331 1101
 331 1510
 331 1673
 332 373
 332 566
 332 654
 332 831
 332 938
 332 1228
 332 1314
 332 1675
 333 334
 333 1230
 334 337
 334 389
 334 466
 334 568
 334 657
 334 834
 334 942
 334 1104
 334 1231
 334 1512
 335 403
 336 392
 336 468
 336 838
 336 1107
 336 1756
 337 393
 337 469
 337 572
 337 662
 337 839
 337 945
 337 1233
 338 339
 338 340
 338 341
 338 342
 338 345
 338 424
 338 664
 338 841
 338 946
 338 1234
 339 340
 339 341
 339 342
 339 842
 340 341
 340 342
 340 352
 340 359
 340 406
 340 665
 340 947
 340 1109
 340 1235
 340 1323
 340 1515
 340 1630
 340 1683
 340 1770
 341 342
 341 757
 341 844
 341 948
 341 1684
 342 348
 342 470
 342 573
 342 667
 342 1025
 342 1110
 342 1238
 342 1325
 342 1517
 342 1685
 342 1758
 343 349
 343 354
 344 356
 344 361
 344 377
 344 407
 344 669
 344 1027
 344 1112
 344 1239
 345 346
 345 347
 345 348
 345 362
 345 472
 345 670
 345 1028
 345 1113
 345 1240
 345 1328
 345 1686
 346 347
 346 348
 346 363
 346 1330
 346 1520
 347 348
 347 758
 347 787
 347 1116
 347 1332
 347 1688
 348 425
 348 847
 348 1117
 348 1631
 349 350
 349 354
 349 672
 349 848
 350 355
 350 358
 352 365
 352 381
 352 413
 352 475
 352 675
 352 1334
 352 1523
 352 1691
 352 1759
 353 954
 354 355
 354 369
 354 576
 354 851
 354 1120
 354 1246
 354 1337
 354 1525
 354 1635
 354 1693
 355 358
 356 374
 356 421
 359 365
 359 406
 359 1362
 359 1640
 360 361
 360 366
 360 367
 360 370
 360 376
 360 857
 360 963
 360 1035
 360 1248
 360 1641
 361 374
 361 377
 361 407
 361 684
 361 794
 361 858
 361 1036
 361 1126
 361 1250
 361 1363
 361 1544
 361 1713
 362 363
 362 364
 362 859
 362 1547
 363 364
 364 369
 364 371
 364 410
 365 381
 365 413
 365 487
 365 582
 365 688
 365 795
 365 971
 365 1130
 365 1253
 365 1369
 365 1551
 365 1718
 366 367
 366 370
 366 376
 366 383
 366 868
 366 1254
 366 1553
 367 368
 367 369
 367 370
 367 376
 367 384
 367 417
 367 426
 367 490
 367 870
 367 974
 367 1038
 367 1132
 367 1373
 367 1554
 367 1646
 367 1722
 368 369
 368 418
 368 798
 368 1133
 368 1256
 368 1374
 368 1723
 368 1775
 369 371
 369 691
 369 872
 369 977
 369 1059
 369 1135
 369 1555
 370 371
 370 376
 370 492
 370 692
 370 978
 370 1377
 370 1557
 370 1728
 372 373
 372 374
 373 374
 373 494
 373 1731
 374 421
 374 1261
 375 376
 375 803
 375 1380
 375 1650
 376 391
 376 496
 376 587
 376 694
 376 765
 376 876
 376 1734
 377 407
 377 697
 377 766
 377 884
 377 985
 377 1267
 377 1424
 379 411
 380 381
 380 382
 380 383
 380 384
 380 387
 380 388
 380 389
 380 391
 380 393
 380 699
 380 988
 380 1156
 380 1270
 380 1430
 381 382
 381 413
 381 889
 381 1157
 381 1271
 381 1563
 382 700
 382 770
 382 989
 382 1653
 383 384
 383 387
 383 388
 383 389
 383 391
 383 393
 383 701
 383 1433
 383 1565
 384 387
 384 388
 384 389
 384 391
 384 393
 384 417
 384 426
 384 608
 384 703
 384 890
 384 1041
 384 1566
 384 1776
 385 386
 385 893
 385 1276
 385 1777
 386 390
 386 993
 386 1167
 387 388
 387 389
 387 391
 387 393
 387 420
 387 711
 387 897
 387 1168
 387 1278
 388 389
 388 391
 388 393
 388 713
 388 900
 388 1045
 388 1172
 388 1279
 389 391
 389 393
 389 1046
 389 1281
 389 1580
 389 1654
 390 537
 390 715
 390 1176
 390 1443
 390 1581
 390 1767
 391 393
 391 716
 391 904
 391 1001
 391 1283
 391 1747
 392 616
 392 1444
 392 1583
 393 1069
 394 395
 394 396
 394 397
 394 400
 394 403
 394 617
 395 396
 395 397
 395 398
 395 404
 395 1584
 396 397
 396 405
 396 1178
 396 1585
 397 399
 398 399
 398 404
 399 620
 400 401
 400 403
 401 402
 401 625
 401 1593
 402 1186
 403 404
 403 405
 403 628
 404 405
 406 409
 406 413
 407 408
 407 419
 407 421
 407 718
 407 905
 407 1003
 407 1188
 407 1473
 407 1601
 407 1768
 408 410
 408 422
 409 410
 409 413
 409 545
 410 422
 411 720
 411 1004
 411 1189
 411 1286
 411 1602
 412 417
 412 420
 412 775
 412 908
 412 1190
 413 414
 413 546
 413 630
 413 723
 413 909
 413 1006
 413 1051
 413 1191
 414 423
 415 416
 415 1052
 416 724
 416 776
 416 911
 416 1194
 416 1289
 417 418
 417 419
 417 420
 417 426
 417 1290
 417 1605
 418 419
 418 725
 418 912
 418 1007
 418 1291
 418 1478
 418 1606
 419 421
 419 549
 419 632
 419 726
 419 777
 419 1195
 419 1479
 421 422
 421 1012
 421 1295
 421 1610
 422 635
 422 780
 422 916
 422 1013
 422 1076
 422 1296
 427 446
 428 429
 429 1671
 429 1754
 430 431
 430 432
 430 433
 430 440
 430 830
 430 1628
 431 432
 431 465
 431 656
 431 833
 431 941
 431 1103
 431 1629
 431 1677
 433 570
 433 660
 433 1022
 433 1106
 433 1232
 433 1315
 433 1679
 435 437
 436 437
 438 441
 438 450
 439 1142
 441 450
 441 1063
 446 750
 447 1079
 452 453
 452 454
 452 458
 452 460
 452 462
 452 466
 452 469
 452 814
 452 920
 452 1084
 452 1211
 453 465
 453 1086
 453 1494
 454 458
 454 460
 454 462
 454 466
 454 469
 454 483
 454 753
 454 922
 454 1622
 454 1656
 455 456
 455 457
 455 459
 455 523
 455 638
 455 754
 455 925
 455 1018
 455 1089
 455 1217
 455 1303
 455 1496
 455 1659
 456 457
 456 467
 456 468
 456 557
 456 819
 456 927
 456 1090
 456 1218
 456 1623
 457 639
 457 820
 457 1091
 458 460
 458 462
 458 466
 458 469
 458 755
 458 821
 458 928
 458 1219
 458 1304
 458 1497
 458 1661
 459 475
 459 487
 459 546
 459 561
 459 642
 459 930
 459 1093
 459 1501
 459 1664
 460 462
 460 466
 460 469
 460 547
 460 562
 460 823
 460 1019
 460 1307
 460 1502
 461 563
 461 646
 461 1096
 461 1221
 461 1310
 461 1504
 461 1751
 462 463
 462 464
 462 466
 462 469
 462 492
 462 532
 462 649
 462 935
 462 1099
 462 1226
 462 1669
 463 464
 463 493
 463 534
 463 651
 463 1670
 465 479
 465 495
 465 656
 465 833
 465 941
 465 1103
 465 1629
 465 1677
 466 469
 466 480
 466 568
 466 657
 466 834
 466 942
 466 1104
 466 1231
 466 1512
 467 468
 468 838
 468 1107
 468 1756
 469 572
 469 662
 469 839
 469 945
 469 1233
 470 471
 470 573
 470 667
 470 1025
 470 1110
 470 1238
 470 1325
 470 1517
 470 1685
 470 1758
 471 474
 471 476
 471 479
 471 482
 471 501
 471 668
 471 949
 471 1026
 471 1111
 471 1326
 471 1518
 472 473
 472 474
 472 477
 472 481
 472 505
 472 670
 472 1028
 472 1113
 472 1240
 472 1328
 472 1686
 473 474
 473 475
 473 545
 473 671
 473 785
 473 1115
 473 1243
 474 476
 474 479
 474 542
 474 951
 474 1522
 475 476
 475 487
 475 546
 475 675
 475 1334
 475 1523
 475 1691
 475 1759
 476 479
 476 953
 476 1118
 476 1692
 477 481
 477 489
 477 526
 477 548
 477 849
 477 955
 477 1119
 477 1245
 477 1336
 477 1524
 477 1634
 478 791
 478 1527
 479 495
 479 761
 479 853
 479 1030
 479 1123
 479 1247
 479 1528
 479 1638
 479 1697
 479 1772
 480 961
 480 1529
 482 495
 482 501
 483 485
 483 486
 483 490
 483 492
 483 496
 483 685
 483 1251
 483 1364
 483 1545
 483 1642
 483 1714
 485 486
 485 490
 485 492
 485 496
 485 862
 485 1715
 486 487
 486 488
 486 490
 486 492
 486 496
 486 969
 486 1129
 486 1550
 486 1645
 486 1717
 487 488
 487 546
 487 582
 487 688
 487 795
 487 971
 487 1130
 487 1253
 487 1369
 487 1551
 487 1718
 488 493
 489 490
 489 491
 489 526
 489 548
 489 690
 489 797
 489 973
 489 1721
 490 491
 490 492
 490 496
 490 870
 490 974
 490 1038
 490 1132
 490 1373
 490 1554
 490 1646
 490 1722
 491 549
 491 799
 491 871
 491 976
 491 1134
 491 1257
 491 1376
 491 1724
 492 493
 492 496
 492 532
 492 692
 492 978
 492 1377
 492 1557
 492 1728
 493 534
 494 495
 494 1731
 495 586
 495 875
 495 980
 496 587
 496 694
 496 765
 496 876
 496 1734
 497 498
 497 499
 497 500
 497 501
 497 502
 497 503
 497 513
 497 1390
 498 499
 498 500
 498 501
 498 502
 498 503
 499 500
 499 501
 499 502
 499 503
 499 520
 499 1391
 500 501
 500 502
 500 503
 500 509
 500 514
 500 1392
 501 502
 501 503
 501 510
 501 1143
 501 1393
 502 503
 502 507
 502 515
 503 508
 503 518
 504 505
 504 506
 504 507
 504 508
 504 1145
 505 506
 505 507
 505 508
 505 1395
 506 507
 506 508
 506 512
 506 517
 506 541
 506 589
 507 508
 507 515
 507 1396
 508 518
 509 510
 509 514
 509 1399
 510 1400
 511 512
 511 513
 511 514
 511 515
 512 513
 512 514
 512 515
 512 517
 512 1402
 513 514
 513 515
 513 543
 513 1403
 514 515
 514 1147
 514 1404
 515 594
 515 1406
 516 517
 516 518
 517 518
 517 595
 519 520
 519 523
 519 529
 519 536
 519 538
 519 601
 520 534
 520 879
 520 1264
 521 883
 522 539
 523 529
 523 536
 523 538
 523 1269
 523 1428
 523 1561
 524 525
 524 526
 524 528
 524 531
 524 606
 524 698
 524 987
 524 1429
 524 1562
 524 1736
 525 533
 525 1764
 526 527
 526 528
 526 531
 526 548
 526 1160
 526 1765
 527 530
 527 535
 527 1162
 527 1739
 528 529
 528 530
 528 531
 528 610
 528 706
 528 991
 528 1273
 528 1740
 529 530
 529 536
 529 538
 529 1165
 529 1571
 529 1741
 530 535
 530 710
 530 896
 530 994
 530 1277
 530 1436
 530 1572
 531 532
 531 533
 531 534
 531 535
 531 898
 531 1742
 532 533
 532 534
 532 535
 532 612
 532 899
 532 995
 532 1169
 532 1439
 532 1573
 532 1743
 532 1766
 533 534
 533 535
 533 1170
 533 1744
 534 535
 534 1044
 534 1745
 535 997
 535 1171
 535 1440
 535 1577
 536 537
 536 538
 536 1441
 537 715
 537 1176
 537 1443
 537 1581
 537 1767
 538 717
 538 772
 540 619
 540 1179
 540 1587
 541 542
 541 1588
 543 544
 544 1185
 545 546
 545 550
 546 550
 546 630
 546 723
 546 909
 546 1006
 546 1051
 546 1191
 547 552
 548 549
 549 632
 549 726
 549 777
 549 1195
 549 1479
 550 551
 550 728
 550 1199
 551 779
 552 553
 552 1010
 552 1293
 556 560
 556 562
 556 564
 556 568
 556 570
 556 572
 556 1087
 556 1215
 556 1300
 556 1658
 557 558
 557 624
 557 819
 557 927
 557 1090
 557 1218
 557 1623
 558 626
 558 1660
 559 560
 559 561
 559 580
 560 561
 560 562
 560 564
 560 568
 560 570
 560 572
 560 640
 560 782
 560 929
 560 1092
 560 1305
 560 1499
 560 1624
 560 1662
 561 582
 561 630
 561 642
 561 930
 561 1093
 561 1501
 561 1664
 562 564
 562 568
 562 570
 562 572
 562 823
 562 1019
 562 1307
 562 1502
 563 609
 563 646
 563 1096
 563 1221
 563 1310
 563 1504
 563 1751
 564 568
 564 570
 564 572
 564 1020
 564 1224
 564 1508
 566 567
 566 614
 566 634
 566 654
 566 831
 566 938
 566 1228
 566 1314
 566 1675
 567 655
 567 1229
 567 1676
 568 570
 568 572
 568 657
 568 834
 568 942
 568 1104
 568 1231
 568 1512
 570 572
 570 587
 570 660
 570 1022
 570 1106
 570 1232
 570 1315
 570 1679
 571 661
 572 662
 572 839
 572 945
 572 1233
 573 667
 573 1025
 573 1110
 573 1238
 573 1325
 573 1517
 573 1685
 573 1758
 574 581
 574 606
 574 674
 574 952
 574 1690
 575 576
 575 608
 576 851
 576 1120
 576 1246
 576 1337
 576 1525
 576 1635
 576 1693
 577 1526
 578 587
 578 762
 579 583
 579 586
 579 863
 579 1252
 579 1365
 579 1549
 580 581
 580 582
 580 583
 580 967
 581 582
 581 583
 581 584
 581 606
 581 968
 581 1716
 582 583
 582 585
 582 630
 582 688
 582 795
 582 971
 582 1130
 582 1253
 582 1369
 582 1551
 582 1718
 583 586
 583 689
 583 763
 583 865
 583 972
 583 1371
 583 1552
 583 1719
 584 585
 586 635
 586 875
 586 980
 587 694
 587 765
 587 876
 587 1734
 588 600
 588 618
 589 590
 589 595
 591 592
 592 593
 592 594
 592 1401
 593 594
 593 596
 594 627
 594 1406
 595 596
 595 597
 596 597
 596 1150
 596 1408
 597 615
 597 1410
 598 599
 598 602
 600 601
 600 602
 600 606
 600 610
 600 618
 600 877
 600 1263
 600 1558
 601 602
 602 615
 602 984
 603 604
 605 887
 605 1154
 606 607
 606 610
 606 698
 606 987
 606 1429
 606 1562
 606 1736
 607 611
 607 629
 607 1737
 608 609
 608 612
 608 703
 608 890
 608 1041
 608 1566
 608 1776
 609 704
 609 891
 609 1161
 609 1434
 609 1567
 610 611
 610 706
 610 991
 610 1273
 610 1740
 611 707
 611 1274
 612 613
 612 899
 612 995
 612 1169
 612 1439
 612 1573
 612 1743
 612 1766
 613 1578
 614 634
 614 1173
 615 1177
 615 1282
 615 1582
 616 1444
 616 1583
 617 618
 617 619
 617 628
 618 619
 618 622
 619 621
 619 1179
 619 1587
 620 621
 620 627
 621 1181
 622 623
 622 624
 622 625
 622 626
 623 624
 623 625
 623 626
 623 1183
 623 1591
 624 625
 624 626
 625 626
 625 1593
 626 1749
 627 1187
 629 630
 629 631
 630 631
 630 723
 630 909
 630 1006
 630 1051
 630 1191
 631 1192
 632 726
 632 777
 632 1195
 632 1479
 634 635
 634 730
 634 915
 634 1011
 634 1201
 634 1294
 635 780
 635 916
 635 1013
 635 1076
 635 1296
 637 647
 637 650
 637 661
 637 669
 637 684
 637 697
 637 718
 637 752
 637 815
 637 921
 637 1085
 637 1212
 637 1297
 637 1493
 637 1655
 638 639
 638 642
 638 659
 638 754
 638 925
 638 1018
 638 1089
 638 1217
 638 1303
 638 1496
 638 1659
 639 673
 639 820
 639 1091
 640 641
 640 642
 640 643
 640 644
 640 649
 640 657
 640 660
 640 662
 640 699
 640 782
 640 929
 640 1092
 640 1305
 640 1499
 640 1624
 640 1662
 641 642
 641 643
 641 644
 642 643
 642 644
 642 659
 642 675
 642 688
 642 723
 642 930
 642 1093
 642 1501
 642 1664
 643 644
 644 653
 644 656
 644 689
 644 700
 644 931
 644 1306
 645 646
 645 647
 645 648
 645 690
 645 825
 645 1308
 645 1665
 646 647
 646 704
 646 725
 646 1096
 646 1221
 646 1310
 646 1504
 646 1751
 647 650
 647 661
 647 705
 647 726
 647 827
 647 1222
 647 1311
 647 1506
 647 1752
 648 649
 648 650
 648 651
 648 652
 648 653
 648 680
 648 828
 648 1668
 648 1753
 649 650
 649 651
 649 652
 649 653
 649 657
 649 660
 649 662
 649 681
 649 692
 649 935
 649 1099
 649 1226
 649 1669
 650 651
 650 652
 650 653
 650 661
 650 829
 650 936
 650 1100
 651 652
 651 653
 651 1670
 652 653
 652 655
 652 1672
 653 656
 653 729
 653 937
 653 1101
 653 1510
 653 1673
 654 655
 654 656
 654 658
 654 730
 654 831
 654 938
 654 1228
 654 1314
 654 1675
 655 656
 655 1229
 655 1676
 656 714
 656 833
 656 941
 656 1103
 656 1629
 656 1677
 657 658
 657 660
 657 662
 657 834
 657 942
 657 1104
 657 1231
 657 1512
 658 835
 658 943
 658 1053
 658 1105
 659 944
 660 662
 660 694
 660 716
 660 1022
 660 1106
 660 1232
 660 1315
 660 1679
 662 663
 662 839
 662 945
 662 1233
 663 840
 664 665
 664 666
 664 667
 664 668
 664 670
 664 674
 664 680
 664 841
 664 946
 664 1234
 665 666
 665 667
 665 668
 665 671
 665 675
 665 947
 665 1109
 665 1235
 665 1323
 665 1515
 665 1630
 665 1683
 665 1770
 666 667
 666 668
 666 677
 666 678
 666 845
 666 1024
 666 1237
 667 668
 667 673
 667 695
 667 1025
 667 1110
 667 1238
 667 1325
 667 1517
 667 1685
 667 1758
 668 672
 668 949
 668 1026
 668 1111
 668 1326
 668 1518
 669 684
 669 697
 669 718
 669 1027
 669 1112
 669 1239
 670 671
 670 674
 670 680
 670 719
 670 1028
 670 1113
 670 1240
 670 1328
 670 1686
 671 675
 671 785
 671 1115
 671 1243
 672 848
 673 1689
 674 675
 674 676
 674 677
 674 680
 674 698
 674 952
 674 1690
 675 676
 675 677
 675 688
 675 723
 675 1334
 675 1523
 675 1691
 675 1759
 676 677
 677 678
 677 788
 677 1760
 678 724
 679 680
 679 681
 679 682
 679 1636
 680 681
 680 682
 681 682
 681 692
 681 957
 681 1695
 682 1771
 683 1341
 684 697
 684 718
 684 794
 684 858
 684 1036
 684 1126
 684 1250
 684 1363
 684 1544
 684 1713
 685 687
 685 692
 685 694
 685 1251
 685 1364
 685 1545
 685 1642
 685 1714
 686 1037
 686 1366
 687 692
 687 694
 687 864
 687 966
 687 1128
 688 689
 688 723
 688 795
 688 971
 688 1130
 688 1253
 688 1369
 688 1551
 688 1718
 689 691
 689 700
 689 763
 689 865
 689 972
 689 1371
 689 1552
 689 1719
 690 691
 690 797
 690 973
 690 1721
 691 727
 691 872
 691 977
 691 1059
 691 1135
 691 1555
 692 694
 692 978
 692 1377
 692 1557
 692 1728
 693 801
 693 979
 693 1138
 694 716
 694 765
 694 876
 694 1734
 695 715
 695 1265
 695 1423
 696 702
 696 882
 697 705
 697 708
 697 718
 697 766
 697 884
 697 985
 697 1267
 697 1424
 698 699
 698 700
 698 706
 698 987
 698 1429
 698 1562
 698 1736
 699 700
 699 701
 699 703
 699 711
 699 713
 699 716
 699 988
 699 1156
 699 1270
 699 1430
 700 710
 700 714
 700 770
 700 989
 700 1653
 701 702
 701 703
 701 711
 701 713
 701 716
 701 1433
 701 1565
 703 704
 703 705
 703 711
 703 713
 703 716
 703 890
 703 1041
 703 1566
 703 1776
 704 705
 704 725
 704 891
 704 1161
 704 1434
 704 1567
 705 708
 705 726
 705 990
 705 1568
 706 707
 706 708
 706 709
 706 710
 706 991
 706 1273
 706 1740
 707 708
 707 709
 707 710
 707 1274
 708 709
 708 710
 708 892
 708 1042
 708 1275
 708 1570
 709 710
 709 895
 709 1166
 710 714
 710 896
 710 994
 710 1277
 710 1436
 710 1572
 711 713
 711 716
 711 897
 711 1168
 711 1278
 712 996
 712 1575
 712 1746
 713 714
 713 716
 713 900
 713 1045
 713 1172
 713 1279
 714 902
 714 999
 714 1174
 715 1176
 715 1443
 715 1581
 715 1767
 716 904
 716 1001
 716 1283
 716 1747
 717 772
 718 722
 718 726
 718 905
 718 1003
 718 1188
 718 1473
 718 1601
 718 1768
 720 1004
 720 1189
 720 1286
 720 1602
 721 907
 722 723
 722 726
 722 1477
 723 728
 723 909
 723 1006
 723 1051
 723 1191
 724 776
 724 911
 724 1194
 724 1289
 725 726
 725 727
 725 912
 725 1007
 725 1291
 725 1478
 725 1606
 726 727
 726 777
 726 1195
 726 1479
 727 729
 727 1196
 727 1292
 728 729
 728 1199
 730 915
 730 1011
 730 1201
 730 1294
 733 734
 734 747
 736 748
 738 749
 741 750
 743 744
 744 1066
 751 1463
 752 766
 752 815
 752 921
 752 1085
 752 1212
 752 1297
 752 1493
 752 1655
 753 755
 753 922
 753 1622
 753 1656
 754 925
 754 1018
 754 1089
 754 1217
 754 1303
 754 1496
 754 1659
 755 769
 755 775
 755 821
 755 928
 755 1219
 755 1304
 755 1497
 755 1661
 757 844
 757 948
 757 1684
 758 787
 758 1116
 758 1332
 758 1688
 759 1121
 760 761
 760 771
 760 852
 760 960
 761 780
 761 853
 761 1030
 761 1123
 761 1247
 761 1528
 761 1638
 761 1697
 761 1772
 762 765
 763 770
 763 865
 763 972
 763 1371
 763 1552
 763 1719
 765 876
 765 1734
 766 884
 766 985
 766 1267
 766 1424
 768 888
 769 775
 769 1155
 769 1735
 769 1763
 770 989
 770 1653
 771 901
 771 998
 771 1579
 773 813
 775 778
 775 781
 775 908
 775 1190
 776 911
 776 1194
 776 1289
 777 1195
 777 1479
 778 779
 778 781
 778 913
 778 1198
 778 1480
 780 916
 780 1013
 780 1076
 780 1296
 781 917
 781 1014
 782 929
 782 1092
 782 1305
 782 1499
 782 1624
 782 1662
 783 803
 783 837
 785 786
 785 787
 785 1115
 785 1243
 786 787
 786 791
 786 1331
 786 1521
 787 788
 787 1116
 787 1332
 787 1688
 788 1760
 790 1338
 790 1694
 791 1527
 793 1531
 794 799
 794 800
 794 858
 794 1036
 794 1126
 794 1250
 794 1363
 794 1544
 794 1713
 795 796
 795 971
 795 1130
 795 1253
 795 1369
 795 1551
 795 1718
 796 1370
 797 798
 797 799
 797 973
 797 1721
 798 799
 798 1133
 798 1256
 798 1374
 798 1723
 798 1775
 799 800
 799 871
 799 976
 799 1134
 799 1257
 799 1376
 799 1724
 801 979
 801 1138
 802 981
 802 1262
 802 1378
 803 804
 803 1380
 803 1650
 806 807
 807 811
 808 810
 808 1618
 809 810
 809 811
 809 1417
 810 811
 811 1418
 814 815
 814 816
 814 821
 814 823
 814 826
 814 830
 814 834
 814 839
 814 857
 814 920
 814 1084
 814 1211
 815 816
 815 827
 815 829
 815 858
 815 884
 815 905
 815 921
 815 1085
 815 1212
 815 1297
 815 1493
 815 1655
 816 817
 816 840
 816 906
 816 1213
 817 840
 818 819
 818 820
 818 825
 818 828
 818 836
 818 924
 818 1088
 818 1216
 818 1302
 819 820
 819 838
 819 888
 819 927
 819 1090
 819 1218
 819 1623
 820 1091
 821 823
 821 826
 821 830
 821 834
 821 839
 821 864
 821 908
 821 928
 821 1219
 821 1304
 821 1497
 821 1661
 822 823
 822 824
 822 867
 823 824
 823 826
 823 830
 823 834
 823 839
 823 868
 823 1019
 823 1307
 823 1502
 824 869
 824 911
 824 1220
 824 1503
 824 1625
 825 826
 825 827
 825 828
 825 836
 825 849
 825 1308
 825 1665
 826 827
 826 830
 826 834
 826 839
 826 870
 826 890
 826 933
 826 1095
 826 1309
 826 1626
 826 1666
 827 829
 827 871
 827 1222
 827 1311
 827 1506
 827 1752
 828 829
 828 836
 828 898
 828 1668
 828 1753
 829 914
 829 936
 829 1100
 830 831
 830 832
 830 833
 830 834
 830 839
 830 900
 830 1628
 831 832
 831 833
 831 835
 831 915
 831 938
 831 1228
 831 1314
 831 1675
 832 833
 832 852
 832 901
 832 940
 832 1102
 833 853
 833 875
 833 902
 833 916
 833 941
 833 1103
 833 1629
 833 1677
 834 835
 834 839
 834 917
 834 942
 834 1104
 834 1231
 834 1512
 835 943
 835 1053
 835 1105
 836 903
 838 1107
 838 1756
 839 840
 839 945
 839 1233
 841 842
 841 843
 841 844
 841 845
 841 849
 841 855
 841 877
 841 946
 841 1234
 842 843
 842 844
 842 845
 842 878
 843 844
 843 845
 843 846
 843 1108
 843 1682
 844 845
 844 880
 844 948
 844 1684
 845 1024
 845 1237
 846 847
 846 950
 846 1114
 846 1242
 846 1329
 846 1687
 847 1117
 847 1631
 848 851
 848 853
 848 863
 848 885
 849 850
 849 851
 849 855
 849 955
 849 1119
 849 1245
 849 1336
 849 1524
 849 1634
 850 851
 850 852
 851 853
 851 872
 851 1120
 851 1246
 851 1337
 851 1525
 851 1635
 851 1693
 852 853
 852 901
 852 960
 853 875
 853 902
 853 916
 853 1030
 853 1123
 853 1247
 853 1528
 853 1638
 853 1697
 853 1772
 857 858
 857 862
 857 864
 857 868
 857 870
 857 876
 857 963
 857 1035
 857 1248
 857 1641
 858 871
 858 884
 858 905
 858 1036
 858 1126
 858 1250
 858 1363
 858 1544
 858 1713
 859 860
 859 861
 859 1547
 860 861
 860 873
 860 964
 862 863
 862 864
 862 868
 862 870
 862 876
 862 1715
 863 865
 863 872
 863 875
 863 885
 863 1252
 863 1365
 863 1549
 864 868
 864 870
 864 876
 864 908
 864 966
 864 1128
 865 866
 865 872
 865 875
 865 972
 865 1371
 865 1552
 865 1719
 866 1058
 866 1720
 867 868
 867 869
 868 869
 868 870
 868 876
 868 1254
 868 1553
 869 874
 869 911
 869 1131
 870 871
 870 872
 870 876
 870 890
 870 974
 870 1038
 870 1132
 870 1373
 870 1554
 870 1646
 870 1722
 871 872
 871 976
 871 1134
 871 1257
 871 1376
 871 1724
 872 875
 872 977
 872 1059
 872 1135
 872 1555
 873 894
 873 1136
 874 875
 874 1732
 875 902
 875 916
 875 980
 876 904
 876 1734
 877 878
 877 879
 877 880
 877 898
 877 903
 877 1263
 877 1558
 878 879
 878 880
 879 880
 879 893
 879 1264
 880 888
 880 894
 880 983
 881 882
 881 886
 881 890
 881 897
 881 899
 881 900
 881 904
 881 1266
 882 887
 883 884
 884 892
 884 905
 884 985
 884 1267
 884 1424
 885 896
 885 902
 885 1427
 886 887
 886 890
 886 897
 886 899
 886 900
 886 904
 886 907
 887 1154
 888 894
 889 909
 889 1157
 889 1271
 889 1563
 890 891
 890 897
 890 899
 890 900
 890 904
 890 1041
 890 1566
 890 1776
 891 912
 891 1161
 891 1434
 891 1567
 892 893
 892 894
 892 895
 892 896
 892 1042
 892 1275
 892 1570
 893 894
 893 895
 893 896
 893 1276
 893 1777
 894 895
 894 896
 894 992
 894 1043
 894 1435
 895 896
 895 1166
 896 902
 896 994
 896 1277
 896 1436
 896 1572
 897 899
 897 900
 897 904
 897 1168
 897 1278
 898 899
 898 903
 898 1742
 899 900
 899 904
 899 913
 899 995
 899 1169
 899 1439
 899 1573
 899 1743
 899 1766
 900 901
 900 902
 900 904
 900 1045
 900 1172
 900 1279
 901 902
 901 998
 901 1579
 902 916
 902 999
 902 1174
 904 1001
 904 1283
 904 1747
 905 906
 905 914
 905 1003
 905 1188
 905 1473
 905 1601
 905 1768
 907 908
 907 913
 907 917
 907 918
 908 913
 908 917
 908 918
 908 1190
 909 910
 909 1006
 909 1051
 909 1191
 911 1194
 911 1289
 912 1007
 912 1291
 912 1478
 912 1606
 913 914
 913 917
 913 918
 913 1198
 913 1480
 914 1009
 914 1608
 915 916
 915 1011
 915 1201
 915 1294
 916 1013
 916 1076
 916 1296
 917 918
 917 1014
 920 921
 920 922
 920 928
 920 929
 920 933
 920 935
 920 942
 920 945
 920 963
 920 1084
 920 1211
 921 936
 921 939
 921 985
 921 1003
 921 1085
 921 1212
 921 1297
 921 1493
 921 1655
 922 928
 922 929
 922 933
 922 935
 922 942
 922 945
 922 986
 922 1622
 922 1656
 924 925
 924 926
 924 927
 924 1088
 924 1216
 924 1302
 925 926
 925 927
 925 930
 925 944
 925 1018
 925 1089
 925 1217
 925 1303
 925 1496
 925 1659
 926 927
 927 1090
 927 1218
 927 1623
 928 929
 928 933
 928 935
 928 942
 928 945
 928 966
 928 1219
 928 1304
 928 1497
 928 1661
 929 930
 929 931
 929 933
 929 935
 929 942
 929 945
 929 969
 929 988
 929 1005
 929 1092
 929 1305
 929 1499
 929 1624
 929 1662
 930 931
 930 944
 930 971
 930 1006
 930 1093
 930 1501
 930 1664
 931 937
 931 941
 931 953
 931 972
 931 989
 931 1306
 932 933
 932 934
 933 934
 933 935
 933 942
 933 945
 933 974
 933 1095
 933 1309
 933 1626
 933 1666
 935 936
 935 937
 935 942
 935 945
 935 957
 935 978
 935 995
 935 1099
 935 1226
 935 1669
 936 937
 936 939
 936 1009
 936 1100
 937 941
 937 997
 937 1101
 937 1510
 937 1673
 938 939
 938 940
 938 941
 938 943
 938 959
 938 1011
 938 1228
 938 1314
 938 1675
 939 940
 939 941
 939 1012
 939 1511
 940 941
 940 960
 940 979
 940 998
 940 1102
 941 980
 941 999
 941 1013
 941 1103
 941 1629
 941 1677
 942 943
 942 945
 942 961
 942 981
 942 1014
 942 1104
 942 1231
 942 1512
 943 1000
 943 1017
 943 1053
 943 1105
 945 1233
 946 947
 946 948
 946 949
 946 952
 946 955
 946 1234
 947 948
 947 949
 947 1109
 947 1235
 947 1323
 947 1515
 947 1630
 947 1683
 947 1770
 948 949
 948 983
 948 1684
 949 951
 949 953
 949 984
 949 1026
 949 1111
 949 1326
 949 1518
 950 951
 950 1114
 950 1242
 950 1329
 950 1687
 951 953
 951 1522
 952 953
 952 955
 952 968
 952 987
 952 1690
 953 972
 953 989
 953 1118
 953 1692
 955 956
 955 973
 955 1119
 955 1245
 955 1336
 955 1524
 955 1634
 957 961
 957 978
 957 995
 957 1695
 958 959
 958 960
 959 960
 959 1011
 960 979
 960 998
 961 981
 961 1014
 961 1529
 962 963
 962 967
 962 1125
 963 966
 963 969
 963 974
 963 978
 963 981
 963 1035
 963 1248
 963 1641
 965 1004
 966 969
 966 974
 966 978
 966 981
 966 1128
 967 968
 967 969
 967 970
 967 971
 967 972
 968 969
 968 970
 968 971
 968 972
 968 973
 968 987
 968 1716
 969 970
 969 971
 969 972
 969 974
 969 978
 969 981
 969 988
 969 1005
 969 1129
 969 1550
 969 1645
 969 1717
 970 971
 970 972
 970 976
 970 1368
 971 972
 971 1006
 971 1130
 971 1253
 971 1369
 971 1551
 971 1718
 972 977
 972 980
 972 982
 972 989
 972 1371
 972 1552
 972 1719
 973 974
 973 975
 973 976
 973 977
 973 1721
 974 975
 974 976
 974 977
 974 978
 974 981
 974 1038
 974 1132
 974 1373
 974 1554
 974 1646
 974 1722
 975 976
 975 977
 976 977
 976 990
 976 1134
 976 1257
 976 1376
 976 1724
 977 980
 977 982
 977 1059
 977 1135
 977 1555
 978 981
 978 995
 978 1377
 978 1557
 978 1728
 979 980
 979 998
 979 1138
 980 982
 980 999
 980 1013
 981 982
 981 1014
 981 1262
 981 1378
 982 1015
 983 984
 983 992
 983 996
 984 989
 984 994
 984 997
 984 999
 985 990
 985 1003
 985 1267
 985 1424
 986 988
 986 995
 986 1001
 986 1039
 986 1268
 987 988
 987 989
 987 991
 987 1429
 987 1562
 987 1736
 988 989
 988 995
 988 1001
 988 1005
 988 1156
 988 1270
 988 1430
 989 994
 989 997
 989 999
 989 1653
 990 1568
 991 992
 991 993
 991 994
 991 1273
 991 1740
 992 993
 992 994
 992 996
 992 1008
 992 1043
 992 1435
 993 994
 993 1167
 994 997
 994 999
 994 1277
 994 1436
 994 1572
 995 996
 995 997
 995 1001
 995 1169
 995 1439
 995 1573
 995 1743
 995 1766
 996 997
 996 1575
 996 1746
 997 999
 997 1171
 997 1440
 997 1577
 998 999
 998 1579
 999 1013
 999 1174
 1000 1017
 1001 1283
 1001 1747
 1002 1003
 1002 1011
 1002 1075
 1002 1472
 1003 1009
 1003 1012
 1003 1188
 1003 1473
 1003 1601
 1003 1768
 1004 1189
 1004 1286
 1004 1602
 1005 1006
 1005 1010
 1005 1014
 1005 1288
 1005 1769
 1006 1051
 1006 1191
 1007 1291
 1007 1478
 1007 1606
 1009 1012
 1009 1608
 1010 1011
 1010 1012
 1010 1013
 1010 1014
 1010 1293
 1011 1012
 1011 1013
 1011 1201
 1011 1294
 1012 1013
 1012 1295
 1012 1610
 1013 1015
 1013 1076
 1013 1296
 1014 1015
 1015 1202
 1018 1089
 1018 1217
 1018 1303
 1018 1496
 1018 1659
 1019 1020
 1019 1022
 1019 1307
 1019 1502
 1020 1022
 1020 1224
 1020 1508
 1021 1023
 1021 1627
 1021 1674
 1022 1023
 1022 1031
 1022 1106
 1022 1232
 1022 1315
 1022 1679
 1023 1680
 1024 1025
 1024 1026
 1024 1237
 1025 1026
 1025 1110
 1025 1238
 1025 1325
 1025 1517
 1025 1685
 1025 1758
 1026 1030
 1026 1032
 1026 1033
 1026 1111
 1026 1326
 1026 1518
 1027 1036
 1027 1112
 1027 1239
 1028 1113
 1028 1240
 1028 1328
 1028 1686
 1029 1043
 1030 1032
 1030 1033
 1030 1123
 1030 1247
 1030 1528
 1030 1638
 1030 1697
 1030 1772
 1032 1033
 1033 1530
 1035 1036
 1035 1038
 1035 1248
 1035 1641
 1036 1126
 1036 1250
 1036 1363
 1036 1544
 1036 1713
 1037 1366
 1038 1041
 1038 1132
 1038 1373
 1038 1554
 1038 1646
 1038 1722
 1039 1041
 1039 1045
 1039 1046
 1039 1050
 1039 1268
 1040 1049
 1040 1158
 1040 1431
 1041 1045
 1041 1046
 1041 1566
 1041 1776
 1042 1043
 1042 1275
 1042 1570
 1043 1047
 1043 1435
 1044 1745
 1045 1046
 1045 1172
 1045 1279
 1046 1281
 1046 1580
 1046 1654
 1048 1049
 1050 1285
 1051 1191
 1053 1105
 1056 1057
 1058 1065
 1058 1082
 1058 1720
 1059 1135
 1059 1555
 1062 1071
 1062 1079
 1062 1083
 1065 1082
 1067 1072
 1070 1073
 1070 1078
 1071 1079
 1071 1083
 1073 1078
 1075 1472
 1076 1296
 1079 1080
 1079 1083
 1084 1085
 1084 1086
 1084 1087
 1084 1092
 1084 1095
 1084 1099
 1084 1104
 1084 1106
 1084 1211
 1085 1086
 1085 1100
 1085 1112
 1085 1126
 1085 1188
 1085 1212
 1085 1297
 1085 1493
 1085 1655
 1086 1097
 1086 1101
 1086 1103
 1086 1494
 1087 1092
 1087 1095
 1087 1099
 1087 1104
 1087 1106
 1087 1215
 1087 1300
 1087 1658
 1088 1089
 1088 1090
 1088 1091
 1088 1216
 1088 1302
 1089 1090
 1089 1091
 1089 1093
 1089 1217
 1089 1303
 1089 1496
 1089 1659
 1090 1091
 1090 1107
 1090 1218
 1090 1623
 1092 1093
 1092 1094
 1092 1095
 1092 1099
 1092 1104
 1092 1106
 1092 1129
 1092 1156
 1092 1305
 1092 1499
 1092 1624
 1092 1662
 1093 1094
 1093 1130
 1093 1157
 1093 1191
 1093 1501
 1093 1664
 1095 1096
 1095 1097
 1095 1099
 1095 1104
 1095 1106
 1095 1132
 1095 1309
 1095 1626
 1095 1666
 1096 1097
 1096 1133
 1096 1161
 1096 1221
 1096 1310
 1096 1504
 1096 1751
 1097 1101
 1097 1103
 1097 1120
 1097 1135
 1097 1162
 1097 1196
 1097 1223
 1097 1667
 1098 1507
 1099 1100
 1099 1101
 1099 1104
 1099 1106
 1099 1169
 1099 1198
 1099 1203
 1099 1226
 1099 1669
 1100 1101
 1100 1121
 1100 1170
 1101 1103
 1101 1122
 1101 1171
 1101 1510
 1101 1673
 1102 1103
 1102 1138
 1103 1123
 1103 1174
 1103 1629
 1103 1677
 1104 1105
 1104 1106
 1104 1231
 1104 1512
 1105 1139
 1106 1232
 1106 1315
 1106 1679
 1107 1756
 1108 1109
 1108 1110
 1108 1111
 1108 1112
 1108 1114
 1108 1121
 1108 1682
 1109 1110
 1109 1111
 1109 1115
 1109 1235
 1109 1323
 1109 1515
 1109 1630
 1109 1683
 1109 1770
 1110 1111
 1110 1117
 1110 1238
 1110 1325
 1110 1517
 1110 1685
 1110 1758
 1111 1118
 1111 1120
 1111 1122
 1111 1123
 1111 1143
 1111 1326
 1111 1518
 1112 1114
 1112 1121
 1112 1126
 1112 1188
 1112 1239
 1113 1114
 1113 1115
 1113 1116
 1113 1117
 1113 1119
 1113 1240
 1113 1328
 1113 1686
 1114 1115
 1114 1116
 1114 1117
 1114 1121
 1114 1242
 1114 1329
 1114 1687
 1115 1116
 1115 1117
 1115 1243
 1116 1117
 1116 1180
 1116 1332
 1116 1688
 1117 1127
 1117 1631
 1118 1120
 1118 1122
 1118 1123
 1118 1692
 1119 1120
 1119 1160
 1119 1245
 1119 1336
 1119 1524
 1119 1634
 1120 1122
 1120 1123
 1120 1135
 1120 1162
 1120 1196
 1120 1246
 1120 1337
 1120 1525
 1120 1635
 1120 1693
 1121 1122
 1121 1170
 1122 1123
 1122 1171
 1122 1696
 1123 1174
 1123 1247
 1123 1528
 1123 1638
 1123 1697
 1123 1772
 1124 1136
 1125 1126
 1126 1134
 1126 1188
 1126 1250
 1126 1363
 1126 1544
 1126 1713
 1127 1548
 1128 1129
 1128 1132
 1128 1137
 1128 1155
 1128 1190
 1129 1130
 1129 1132
 1129 1137
 1129 1156
 1129 1550
 1129 1645
 1129 1717
 1130 1157
 1130 1191
 1130 1253
 1130 1369
 1130 1551
 1130 1718
 1131 1159
 1131 1194
 1132 1133
 1132 1134
 1132 1135
 1132 1137
 1132 1373
 1132 1554
 1132 1646
 1132 1722
 1133 1134
 1133 1135
 1133 1161
 1133 1256
 1133 1374
 1133 1723
 1133 1775
 1134 1135
 1134 1195
 1134 1257
 1134 1376
 1134 1724
 1135 1162
 1135 1196
 1135 1555
 1137 1168
 1137 1259
 1137 1727
 1139 1140
 1139 1733
 1140 1141
 1142 1143
 1142 1144
 1143 1144
 1143 1148
 1143 1393
 1144 1179
 1144 1394
 1146 1147
 1146 1148
 1146 1184
 1147 1148
 1147 1166
 1147 1186
 1147 1404
 1148 1405
 1149 1150
 1149 1151
 1149 1407
 1150 1151
 1150 1408
 1152 1153
 1153 1162
 1153 1171
 1153 1174
 1153 1177
 1154 1158
 1155 1156
 1155 1168
 1155 1169
 1155 1172
 1155 1190
 1155 1735
 1155 1763
 1156 1157
 1156 1158
 1156 1168
 1156 1169
 1156 1172
 1156 1270
 1156 1430
 1157 1158
 1157 1165
 1157 1191
 1157 1271
 1157 1563
 1158 1431
 1159 1166
 1159 1194
 1159 1272
 1160 1161
 1160 1162
 1160 1163
 1160 1765
 1161 1162
 1161 1163
 1161 1434
 1161 1567
 1162 1163
 1162 1171
 1162 1174
 1162 1177
 1162 1196
 1162 1739
 1163 1175
 1163 1197
 1163 1569
 1164 1165
 1164 1166
 1164 1167
 1164 1173
 1165 1166
 1165 1167
 1165 1571
 1165 1741
 1166 1167
 1166 1186
 1167 1176
 1168 1169
 1168 1172
 1168 1278
 1169 1170
 1169 1171
 1169 1172
 1169 1198
 1169 1203
 1169 1439
 1169 1573
 1169 1743
 1169 1766
 1170 1171
 1170 1744
 1171 1174
 1171 1177
 1171 1440
 1171 1577
 1172 1173
 1172 1174
 1172 1175
 1172 1279
 1173 1174
 1173 1175
 1173 1201
 1174 1175
 1174 1177
 1175 1280
 1176 1177
 1176 1443
 1176 1581
 1176 1767
 1177 1282
 1177 1582
 1178 1179
 1178 1183
 1178 1185
 1178 1585
 1179 1181
 1179 1587
 1180 1181
 1180 1186
 1182 1183
 1182 1590
 1183 1185
 1183 1591
 1184 1185
 1184 1186
 1184 1187
 1184 1594
 1185 1186
 1185 1187
 1186 1187
 1188 1195
 1188 1473
 1188 1601
 1188 1768
 1189 1286
 1189 1602
 1190 1198
 1191 1192
 1191 1199
 1192 1194
 1193 1194
 1194 1289
 1195 1196
 1195 1197
 1195 1479
 1196 1197
 1196 1202
 1196 1292
 1198 1199
 1198 1200
 1198 1203
 1198 1480
 1199 1200
 1201 1294
 1204 1205
 1204 1206
 1204 1210
 1206 1207
 1206 1208
 1206 1209
 1206 1210
 1207 1208
 1207 1209
 1208 1209
 1208 1476
 1211 1212
 1211 1213
 1211 1215
 1211 1219
 1211 1224
 1211 1226
 1211 1231
 1211 1232
 1211 1233
 1211 1248
 1212 1213
 1212 1222
 1212 1239
 1212 1250
 1212 1267
 1212 1297
 1212 1493
 1212 1655
 1214 1223
 1214 1225
 1214 1252
 1214 1495
 1215 1219
 1215 1224
 1215 1226
 1215 1231
 1215 1232
 1215 1233
 1215 1300
 1215 1658
 1216 1217
 1216 1218
 1216 1302
 1217 1218
 1217 1269
 1217 1303
 1217 1496
 1217 1659
 1218 1244
 1218 1287
 1218 1623
 1219 1224
 1219 1226
 1219 1231
 1219 1232
 1219 1233
 1219 1304
 1219 1497
 1219 1661
 1220 1229
 1220 1272
 1220 1289
 1220 1503
 1220 1625
 1221 1222
 1221 1223
 1221 1256
 1221 1291
 1221 1310
 1221 1504
 1221 1751
 1222 1223
 1222 1257
 1222 1311
 1222 1506
 1222 1752
 1223 1225
 1223 1246
 1223 1292
 1223 1667
 1224 1225
 1224 1226
 1224 1231
 1224 1232
 1224 1233
 1224 1259
 1224 1278
 1224 1508
 1226 1231
 1226 1232
 1226 1233
 1226 1669
 1227 1228
 1227 1229
 1227 1230
 1228 1229
 1228 1294
 1228 1314
 1228 1675
 1229 1676
 1230 1231
 1231 1232
 1231 1233
 1231 1262
 1231 1281
 1231 1512
 1232 1233
 1232 1283
 1232 1315
 1232 1679
 1234 1235
 1234 1236
 1234 1237
 1234 1238
 1234 1240
 1234 1245
 1234 1263
 1235 1236
 1235 1237
 1235 1238
 1235 1243
 1235 1323
 1235 1515
 1235 1630
 1235 1683
 1235 1770
 1236 1237
 1236 1238
 1236 1264
 1236 1324
 1236 1516
 1237 1238
 1238 1265
 1238 1325
 1238 1517
 1238 1685
 1238 1758
 1239 1242
 1239 1250
 1239 1267
 1240 1241
 1240 1242
 1240 1243
 1240 1245
 1240 1328
 1240 1686
 1241 1242
 1241 1243
 1242 1243
 1242 1329
 1242 1687
 1244 1287
 1244 1633
 1245 1246
 1245 1336
 1245 1524
 1245 1634
 1246 1247
 1246 1292
 1246 1337
 1246 1525
 1246 1635
 1246 1693
 1247 1296
 1247 1528
 1247 1638
 1247 1697
 1247 1772
 1248 1249
 1248 1250
 1248 1251
 1248 1254
 1248 1259
 1248 1260
 1248 1262
 1248 1641
 1249 1250
 1250 1257
 1250 1261
 1250 1267
 1250 1363
 1250 1544
 1250 1713
 1251 1254
 1251 1259
 1251 1260
 1251 1262
 1251 1268
 1251 1285
 1251 1364
 1251 1545
 1251 1642
 1251 1714
 1252 1258
 1252 1365
 1252 1549
 1253 1271
 1253 1369
 1253 1551
 1253 1718
 1254 1255
 1254 1259
 1254 1260
 1254 1262
 1254 1553
 1256 1257
 1256 1291
 1256 1374
 1256 1723
 1256 1775
 1257 1261
 1257 1376
 1257 1724
 1258 1277
 1259 1260
 1259 1262
 1259 1278
 1259 1727
 1260 1261
 1260 1262
 1260 1279
 1260 1293
 1260 1648
 1260 1730
 1261 1295
 1262 1281
 1262 1378
 1263 1264
 1263 1265
 1263 1273
 1263 1558
 1264 1265
 1264 1276
 1265 1423
 1266 1268
 1266 1270
 1266 1278
 1266 1279
 1266 1281
 1266 1283
 1267 1275
 1267 1424
 1268 1270
 1268 1278
 1268 1279
 1268 1281
 1268 1283
 1268 1285
 1269 1271
 1269 1428
 1269 1561
 1270 1271
 1270 1278
 1270 1279
 1270 1281
 1270 1283
 1270 1288
 1270 1430
 1271 1563
 1272 1289
 1273 1274
 1273 1275
 1273 1276
 1273 1277
 1273 1740
 1274 1275
 1274 1276
 1274 1277
 1275 1276
 1275 1277
 1275 1570
 1276 1277
 1276 1777
 1277 1282
 1277 1436
 1277 1572
 1278 1279
 1278 1281
 1278 1283
 1279 1280
 1279 1281
 1279 1283
 1279 1293
 1281 1283
 1281 1580
 1281 1654
 1282 1582
 1283 1747
 1285 1288
 1285 1290
 1285 1293
 1286 1602
 1288 1290
 1288 1293
 1288 1769
 1290 1291
 1290 1292
 1290 1293
 1290 1605
 1291 1292
 1291 1478
 1291 1606
 1292 1296
 1293 1294
 1293 1295
 1293 1296
 1294 1295
 1294 1296
 1295 1296
 1295 1610
 1297 1311
 1297 1363
 1297 1424
 1297 1473
 1297 1493
 1297 1655
 1298 1300
 1298 1304
 1298 1305
 1298 1307
 1298 1309
 1298 1315
 1299 1300
 1299 1301
 1300 1301
 1300 1304
 1300 1305
 1300 1307
 1300 1309
 1300 1315
 1300 1658
 1302 1303
 1302 1308
 1302 1384
 1302 1397
 1303 1428
 1303 1496
 1303 1659
 1304 1305
 1304 1307
 1304 1309
 1304 1315
 1304 1497
 1304 1661
 1305 1306
 1305 1307
 1305 1309
 1305 1315
 1305 1430
 1305 1499
 1305 1624
 1305 1662
 1306 1371
 1307 1309
 1307 1315
 1307 1433
 1307 1502
 1308 1309
 1308 1310
 1308 1311
 1308 1312
 1308 1336
 1308 1665
 1309 1310
 1309 1311
 1309 1312
 1309 1315
 1309 1373
 1309 1626
 1309 1666
 1310 1311
 1310 1312
 1310 1374
 1310 1434
 1310 1478
 1310 1504
 1310 1751
 1311 1312
 1311 1376
 1311 1479
 1311 1506
 1311 1752
 1314 1675
 1315 1679
 1316 1317
 1316 1318
 1316 1319
 1316 1320
 1316 1389
 1316 1459
 1316 1482
 1317 1318
 1317 1319
 1317 1320
 1317 1322
 1317 1324
 1317 1346
 1317 1391
 1317 1484
 1318 1319
 1318 1320
 1318 1446
 1318 1485
 1319 1320
 1319 1325
 1319 1423
 1319 1447
 1319 1461
 1320 1326
 1320 1382
 1320 1393
 1320 1448
 1320 1487
 1321 1322
 1321 1456
 1321 1470
 1322 1408
 1322 1491
 1323 1324
 1323 1325
 1323 1326
 1323 1334
 1323 1362
 1323 1515
 1323 1630
 1323 1683
 1323 1770
 1324 1325
 1324 1326
 1324 1330
 1324 1346
 1324 1391
 1324 1484
 1324 1516
 1325 1326
 1325 1423
 1325 1447
 1325 1461
 1325 1517
 1325 1685
 1325 1758
 1326 1327
 1326 1337
 1326 1338
 1326 1382
 1326 1393
 1326 1448
 1326 1487
 1326 1518
 1327 1337
 1327 1338
 1328 1329
 1328 1330
 1328 1331
 1328 1332
 1328 1336
 1328 1349
 1328 1395
 1328 1451
 1328 1686
 1329 1330
 1329 1331
 1329 1332
 1329 1687
 1330 1331
 1330 1332
 1330 1463
 1330 1520
 1331 1332
 1331 1341
 1331 1521
 1332 1464
 1332 1688
 1333 1334
 1333 1340
 1334 1369
 1334 1523
 1334 1691
 1334 1759
 1336 1337
 1336 1524
 1336 1634
 1337 1338
 1337 1525
 1337 1635
 1337 1693
 1338 1694
 1339 1340
 1339 1437
 1340 1481
 1341 1444
 1343 1344
 1343 1345
 1343 1346
 1343 1347
 1343 1348
 1343 1349
 1343 1354
 1344 1345
 1344 1346
 1344 1347
 1344 1348
 1344 1390
 1344 1414
 1344 1460
 1344 1483
 1345 1346
 1345 1347
 1345 1348
 1346 1347
 1346 1348
 1346 1350
 1346 1391
 1346 1484
 1346 1698
 1347 1348
 1347 1359
 1347 1533
 1348 1394
 1348 1449
 1348 1462
 1348 1488
 1349 1354
 1349 1395
 1349 1451
 1350 1351
 1350 1352
 1350 1353
 1350 1385
 1350 1398
 1350 1490
 1350 1704
 1351 1352
 1351 1353
 1351 1360
 1351 1386
 1351 1453
 1351 1538
 1352 1353
 1352 1357
 1352 1387
 1352 1399
 1352 1416
 1352 1705
 1354 1355
 1354 1356
 1354 1357
 1354 1358
 1354 1359
 1355 1356
 1355 1357
 1355 1358
 1355 1359
 1355 1402
 1356 1357
 1356 1358
 1356 1359
 1357 1358
 1357 1359
 1357 1404
 1357 1467
 1357 1711
 1358 1359
 1358 1361
 1358 1405
 1358 1436
 1358 1455
 1359 1406
 1359 1418
 1359 1468
 1360 1361
 1360 1457
 1360 1471
 1361 1410
 1361 1413
 1362 1369
 1362 1640
 1363 1368
 1363 1376
 1363 1424
 1363 1473
 1363 1544
 1363 1713
 1364 1373
 1364 1377
 1364 1378
 1364 1381
 1364 1545
 1364 1642
 1364 1714
 1365 1371
 1365 1427
 1365 1549
 1366 1367
 1366 1375
 1368 1369
 1368 1370
 1368 1371
 1368 1376
 1368 1477
 1369 1370
 1369 1371
 1369 1551
 1369 1718
 1370 1371
 1370 1431
 1371 1552
 1371 1719
 1372 1380
 1372 1432
 1373 1374
 1373 1375
 1373 1376
 1373 1377
 1373 1378
 1373 1381
 1373 1554
 1373 1646
 1373 1722
 1374 1375
 1374 1376
 1374 1434
 1374 1478
 1374 1723
 1374 1775
 1375 1376
 1376 1479
 1376 1724
 1377 1378
 1377 1381
 1377 1439
 1377 1480
 1377 1557
 1377 1728
 1378 1379
 1378 1381
 1380 1650
 1382 1388
 1382 1393
 1382 1448
 1382 1487
 1383 1396
 1383 1452
 1383 1465
 1384 1385
 1384 1386
 1384 1387
 1384 1388
 1384 1397
 1385 1386
 1385 1387
 1385 1388
 1385 1398
 1385 1490
 1386 1387
 1386 1388
 1386 1453
 1387 1388
 1387 1399
 1387 1416
 1388 1400
 1388 1454
 1388 1476
 1389 1390
 1389 1391
 1389 1392
 1389 1393
 1389 1394
 1389 1401
 1389 1459
 1389 1482
 1390 1391
 1390 1392
 1390 1393
 1390 1394
 1390 1403
 1390 1407
 1390 1414
 1390 1460
 1390 1483
 1391 1392
 1391 1393
 1391 1394
 1391 1398
 1391 1408
 1391 1484
 1392 1393
 1392 1394
 1392 1399
 1392 1404
 1392 1415
 1392 1422
 1392 1486
 1393 1394
 1393 1400
 1393 1405
 1393 1410
 1393 1448
 1393 1487
 1394 1449
 1394 1462
 1394 1488
 1395 1396
 1395 1397
 1395 1451
 1396 1406
 1396 1452
 1396 1465
 1397 1398
 1397 1399
 1397 1400
 1398 1399
 1398 1400
 1398 1408
 1398 1490
 1399 1400
 1399 1404
 1399 1416
 1400 1405
 1400 1410
 1400 1454
 1400 1476
 1401 1402
 1401 1403
 1401 1404
 1401 1405
 1401 1406
 1401 1417
 1402 1403
 1402 1404
 1402 1405
 1402 1406
 1403 1404
 1403 1405
 1403 1406
 1403 1407
 1403 1411
 1404 1405
 1404 1406
 1404 1467
 1405 1406
 1405 1410
 1405 1436
 1405 1455
 1406 1418
 1406 1468
 1407 1408
 1407 1409
 1407 1410
 1407 1412
 1407 1420
 1408 1409
 1408 1410
 1408 1491
 1409 1410
 1409 1443
 1409 1458
 1410 1413
 1411 1412
 1412 1413
 1412 1420
 1414 1415
 1414 1420
 1414 1460
 1414 1483
 1415 1416
 1415 1422
 1415 1486
 1417 1418
 1417 1419
 1418 1468
 1419 1420
 1419 1469
 1421 1422
 1421 1423
 1421 1424
 1422 1423
 1422 1442
 1422 1486
 1423 1443
 1423 1447
 1423 1461
 1424 1473
 1425 1426
 1425 1432
 1425 1437
 1425 1445
 1426 1427
 1426 1432
 1426 1437
 1426 1445
 1427 1436
 1427 1440
 1428 1441
 1428 1561
 1429 1430
 1429 1431
 1429 1562
 1429 1736
 1430 1431
 1430 1433
 1430 1439
 1432 1433
 1432 1437
 1432 1445
 1433 1439
 1433 1565
 1434 1478
 1434 1567
 1435 1436
 1435 1444
 1436 1440
 1436 1455
 1436 1572
 1437 1438
 1437 1439
 1437 1440
 1437 1445
 1438 1439
 1438 1440
 1439 1440
 1439 1480
 1439 1573
 1439 1743
 1439 1766
 1440 1577
 1441 1442
 1441 1443
 1442 1443
 1443 1458
 1443 1581
 1443 1767
 1444 1583
 1446 1447
 1446 1448
 1446 1449
 1446 1453
 1446 1457
 1446 1485
 1447 1448
 1447 1449
 1447 1458
 1447 1461
 1448 1449
 1448 1454
 1448 1455
 1448 1487
 1449 1462
 1449 1488
 1450 1451
 1450 1452
 1451 1452
 1451 1456
 1452 1465
 1453 1454
 1453 1457
 1454 1455
 1454 1476
 1456 1457
 1456 1458
 1456 1470
 1457 1458
 1457 1471
 1459 1460
 1459 1461
 1459 1462
 1459 1469
 1459 1482
 1460 1461
 1460 1462
 1460 1483
 1461 1462
 1461 1466
 1462 1488
 1463 1464
 1463 1465
 1464 1465
 1464 1467
 1465 1468
 1467 1468
 1469 1470
 1469 1471
 1470 1471
 1472 1473
 1473 1477
 1473 1479
 1473 1601
 1473 1768
 1477 1479
 1478 1479
 1478 1606
 1480 1481
 1481 1607
 1482 1483
 1482 1484
 1482 1485
 1482 1486
 1482 1487
 1482 1488
 1483 1484
 1483 1485
 1483 1486
 1483 1487
 1483 1488
 1483 1489
 1484 1485
 1484 1486
 1484 1487
 1484 1488
 1484 1490
 1484 1491
 1485 1486
 1485 1487
 1485 1488
 1486 1487
 1486 1488
 1487 1488
 1489 1490
 1489 1612
 1490 1491
 1493 1494
 1493 1500
 1493 1506
 1493 1511
 1493 1544
 1493 1601
 1493 1655
 1494 1495
 1494 1510
 1494 1513
 1495 1510
 1495 1513
 1495 1549
 1495 1603
 1496 1501
 1496 1561
 1496 1659
 1497 1499
 1497 1502
 1497 1508
 1497 1512
 1497 1661
 1498 1499
 1498 1500
 1498 1501
 1499 1500
 1499 1501
 1499 1502
 1499 1508
 1499 1512
 1499 1550
 1499 1624
 1499 1662
 1500 1501
 1500 1506
 1500 1511
 1500 1663
 1501 1523
 1501 1551
 1501 1563
 1501 1664
 1502 1503
 1502 1508
 1502 1512
 1502 1553
 1502 1565
 1503 1625
 1504 1505
 1504 1506
 1504 1567
 1504 1606
 1504 1751
 1505 1506
 1506 1511
 1506 1568
 1506 1752
 1507 1508
 1507 1509
 1508 1512
 1508 1615
 1509 1510
 1510 1513
 1510 1577
 1510 1673
 1511 1610
 1512 1529
 1512 1580
 1513 1582
 1515 1516
 1515 1517
 1515 1518
 1515 1523
 1515 1630
 1515 1683
 1515 1770
 1516 1517
 1516 1518
 1516 1520
 1516 1526
 1516 1585
 1517 1518
 1517 1598
 1517 1685
 1517 1758
 1518 1522
 1518 1525
 1518 1528
 1518 1530
 1518 1532
 1520 1521
 1520 1522
 1520 1526
 1520 1535
 1521 1522
 1521 1527
 1521 1536
 1522 1525
 1522 1528
 1522 1530
 1523 1551
 1523 1563
 1523 1691
 1523 1759
 1524 1525
 1524 1634
 1525 1528
 1525 1530
 1525 1555
 1525 1635
 1525 1693
 1526 1527
 1527 1575
 1527 1609
 1528 1530
 1528 1638
 1528 1697
 1528 1772
 1529 1580
 1531 1532
 1531 1533
 1531 1536
 1531 1538
 1532 1533
 1532 1699
 1534 1535
 1534 1536
 1534 1537
 1534 1588
 1534 1700
 1535 1536
 1535 1537
 1536 1537
 1536 1538
 1536 1701
 1538 1539
 1538 1613
 1539 1543
 1541 1542
 1541 1543
 1542 1543
 1544 1601
 1544 1713
 1545 1546
 1545 1550
 1545 1553
 1545 1554
 1545 1557
 1545 1642
 1545 1714
 1546 1556
 1547 1548
 1549 1552
 1549 1555
 1549 1603
 1550 1551
 1550 1552
 1550 1553
 1550 1554
 1550 1557
 1550 1645
 1550 1717
 1551 1552
 1551 1563
 1551 1718
 1552 1555
 1552 1719
 1553 1554
 1553 1557
 1553 1565
 1554 1555
 1554 1556
 1554 1557
 1554 1566
 1554 1605
 1554 1646
 1554 1722
 1555 1556
 1556 1569
 1556 1726
 1557 1573
 1557 1728
 1558 1562
 1560 1579
 1561 1563
 1561 1571
 1562 1563
 1562 1736
 1563 1571
 1564 1565
 1564 1738
 1565 1566
 1565 1573
 1565 1580
 1566 1567
 1566 1568
 1566 1569
 1566 1573
 1566 1580
 1566 1605
 1566 1776
 1567 1568
 1567 1569
 1567 1606
 1568 1569
 1568 1570
 1569 1578
 1570 1571
 1570 1572
 1571 1572
 1571 1741
 1572 1577
 1572 1582
 1572 1595
 1573 1574
 1573 1575
 1573 1576
 1573 1577
 1573 1578
 1573 1580
 1573 1743
 1573 1766
 1574 1575
 1574 1576
 1574 1577
 1574 1578
 1575 1576
 1575 1577
 1575 1578
 1575 1583
 1575 1609
 1575 1746
 1576 1577
 1576 1578
 1576 1581
 1577 1578
 1577 1582
 1580 1654
 1581 1582
 1581 1767
 1584 1585
 1584 1586
 1584 1587
 1584 1590
 1585 1586
 1585 1587
 1585 1591
 1586 1587
 1586 1593
 1586 1748
 1587 1596
 1588 1589
 1588 1597
 1590 1591
 1590 1592
 1590 1593
 1590 1612
 1591 1592
 1591 1593
 1592 1593
 1594 1595
 1594 1596
 1595 1596
 1599 1600
 1599 1604
 1600 1605
 1601 1608
 1601 1610
 1601 1768
 1602 1603
 1602 1607
 1604 1605
 1604 1606
 1605 1606
 1607 1608
 1607 1609
 1608 1609
 1608 1610
 1612 1613
 1612 1614
 1613 1614
 1615 1616
 1622 1624
 1622 1626
 1622 1628
 1622 1642
 1622 1656
 1623 1633
 1624 1626
 1624 1628
 1624 1645
 1624 1662
 1626 1628
 1626 1646
 1626 1666
 1627 1637
 1627 1674
 1628 1629
 1628 1648
 1629 1638
 1629 1677
 1630 1632
 1630 1640
 1630 1683
 1630 1770
 1632 1633
 1634 1635
 1635 1638
 1635 1693
 1636 1637
 1638 1697
 1638 1772
 1641 1642
 1641 1645
 1641 1646
 1641 1648
 1642 1645
 1642 1646
 1642 1648
 1642 1714
 1645 1646
 1645 1648
 1645 1717
 1646 1648
 1646 1722
 1647 1648
 1647 1649
 1647 1650
 1648 1730
 1649 1650
 1650 1651
 1655 1663
 1655 1713
 1656 1657
 1656 1658
 1656 1661
 1656 1662
 1656 1666
 1656 1669
 1656 1679
 1656 1714
 1658 1661
 1658 1662
 1658 1666
 1658 1669
 1658 1679
 1659 1660
 1659 1664
 1660 1667
 1660 1673
 1660 1677
 1660 1678
 1660 1707
 1660 1749
 1661 1662
 1661 1666
 1661 1669
 1661 1679
 1661 1735
 1662 1663
 1662 1664
 1662 1666
 1662 1669
 1662 1679
 1662 1717
 1663 1664
 1664 1691
 1664 1718
 1665 1666
 1665 1667
 1665 1668
 1665 1721
 1666 1667
 1666 1669
 1666 1679
 1666 1722
 1667 1673
 1667 1677
 1667 1678
 1667 1693
 1667 1739
 1668 1669
 1668 1670
 1668 1671
 1668 1672
 1668 1673
 1668 1674
 1668 1742
 1668 1753
 1669 1670
 1669 1671
 1669 1672
 1669 1673
 1669 1674
 1669 1679
 1669 1695
 1669 1728
 1669 1743
 1670 1671
 1670 1672
 1670 1673
 1670 1674
 1670 1745
 1671 1672
 1671 1673
 1671 1674
 1671 1746
 1671 1754
 1672 1673
 1672 1674
 1672 1676
 1673 1674
 1673 1677
 1673 1678
 1673 1696
 1674 1680
 1674 1681
 1674 1729
 1675 1676
 1675 1677
 1675 1731
 1676 1677
 1676 1732
 1677 1678
 1677 1697
 1679 1680
 1679 1734
 1679 1747
 1680 1681
 1682 1683
 1682 1684
 1682 1685
 1682 1687
 1683 1684
 1683 1685
 1683 1691
 1683 1770
 1684 1685
 1685 1689
 1685 1758
 1686 1687
 1686 1688
 1686 1690
 1687 1688
 1689 1706
 1690 1691
 1690 1692
 1690 1716
 1690 1736
 1691 1692
 1691 1718
 1691 1759
 1692 1693
 1692 1694
 1692 1696
 1692 1697
 1692 1719
 1693 1694
 1693 1696
 1693 1697
 1693 1739
 1694 1696
 1694 1697
 1695 1696
 1695 1728
 1695 1743
 1696 1697
 1697 1772
 1698 1699
 1698 1704
 1698 1710
 1699 1702
 1699 1707
 1700 1701
 1700 1702
 1701 1702
 1702 1707
 1703 1704
 1703 1705
 1703 1706
 1703 1707
 1703 1708
 1704 1705
 1704 1706
 1704 1707
 1704 1708
 1704 1710
 1705 1706
 1705 1707
 1705 1708
 1705 1711
 1705 1712
 1706 1707
 1706 1708
 1707 1708
 1707 1749
 1709 1710
 1709 1711
 1710 1711
 1711 1712
 1713 1724
 1714 1715
 1714 1717
 1714 1722
 1714 1727
 1714 1728
 1714 1730
 1714 1734
 1715 1717
 1715 1722
 1715 1727
 1715 1728
 1715 1730
 1715 1734
 1716 1717
 1716 1718
 1716 1719
 1716 1720
 1716 1721
 1716 1736
 1717 1718
 1717 1719
 1717 1720
 1717 1722
 1717 1727
 1717 1728
 1717 1730
 1717 1734
 1718 1719
 1718 1720
 1719 1720
 1720 1726
 1720 1729
 1721 1722
 1721 1723
 1721 1724
 1721 1725
 1721 1726
 1722 1723
 1722 1724
 1722 1725
 1722 1726
 1722 1727
 1722 1728
 1722 1730
 1722 1734
 1723 1724
 1723 1725
 1723 1726
 1723 1775
 1724 1725
 1724 1726
 1725 1726
 1726 1729
 1727 1728
 1727 1730
 1727 1734
 1728 1729
 1728 1730
 1728 1734
 1728 1743
 1730 1731
 1730 1732
 1730 1734
 1731 1732
 1731 1733
 1734 1747
 1735 1743
 1735 1747
 1735 1763
 1736 1737
 1736 1740
 1736 1742
 1740 1741
 1740 1742
 1742 1743
 1742 1744
 1742 1745
 1742 1746
 1743 1744
 1743 1745
 1743 1746
 1743 1747
 1743 1766
 1744 1745
 1744 1746
 1745 1746
 1751 1752
 1753 1754
 1754 1756
 1755 1756
 1757 1758
 1759 1760
 1761 1762
 1763 1766
 1774 1775
